build	panes	run	built	load	cpu	wk	gui_cpu	gui_wk	gui_pss	tree_pss	rss0	nproc	window_ms	shell_ms	worker_ms	wready_ms
a5	1	1	1	0.02	0.56	17.9	0.56	17.9	52032	97549	118580	3	201.1	149.8	112.4	400.1
a5	1	2	1	0.36	0.49	18.4	0.49	18.4	51002	84496	118484	3	177.6	130.6	83.8	188.6
a5	1	3	1	0.1	0.47	18.8	0.47	18.8	50766	83755	118816	3	178.4	129.3	80.7	189.4
a6	1	1	1	0.12	0.51	20.4	0.51	20.4	34142	70577	79164	3	168.8	155.9	111.9	224.8
a6	1	2	1	0.11	0.49	20.6	0.49	20.6	28956	62484	79388	3	139.2	118.0	78.0	170.6
a6	1	3	1	0.11	0.51	20.4	0.51	20.4	27332	60374	79768	3	138.6	116.2	74.2	170.5
b5	1	1	1	0.07	0.62	18.8	0.62	18.8	52244	89271	118672	3	199.0	147.7	116.3	234.4
b5	1	2	1	0.17	0.58	18.7	0.58	18.7	51291	85496	118884	3	170.0	123.1	83.5	214.2
b5	1	3	1	0.1	0.49	18.5	0.49	18.5	50610	84310	118592	3	188.1	131.7	96.9	208.0
b6	1	1	1	0.11	0.6	20.2	0.6	20.2	33733	70798	79012	3	162.1	149.1	104.3	227.1
b6	1	2	1	0.19	0.53	20.1	0.53	20.1	28442	62633	78916	3	157.9	137.3	97.9	197.8
b6	1	3	1	0.08	0.53	20.8	0.53	20.8	26832	60547	79176	3	148.1	119.4	84.5	196.8
a5	4	1	4	0.24	1.29	45.5	1.29	45.5	53741	178982	118752	9	196.8	158.9	108.3	215.9
a5	4	2	4	0.27	1.22	45.7	1.22	45.7	52578	173507	118652	9	169.2	123.8	83.6	179.8
a5	4	3	4	0.2	1.16	46.0	1.16	46.0	52179	171789	118516	9	178.7	130.3	81.0	186.0
a6	4	1	4	0.41	1.31	46.5	1.31	46.5	36586	158765	79356	9	141.5	121.0	82.7	177.5
a6	4	2	4	0.06	1.27	48.0	1.27	48.0	31943	152078	79256	9	146.3	131.6	90.6	190.6
a6	4	3	4	0.36	1.09	48.0	1.09	48.0	30775	150047	79464	9	140.6	126.0	82.7	189.4
b5	4	1	4	0.14	1.96	55.7	1.96	55.7	53458	181734	118608	9	194.4	148.9	104.9	213.2
b5	4	2	4	0.33	1.13	32.6	1.13	32.6	52371	176252	118404	9	169.0	136.7	90.4	220.7
b5	4	3	4	0.42	1.38	46.6	1.38	46.6	52514	174954	119100	9	174.3	125.9	83.5	202.1
b6	4	1	4	0.16	1.71	46.7	1.71	46.7	37576	165492	78656	9	159.5	140.1	101.9	212.3
b6	4	2	4	0.13	1.6	47.9	1.6	47.9	32511	156258	79036	9	143.8	123.7	78.2	183.7
b6	4	3	4	0.07	1.51	46.2	1.51	46.2	30533	153004	78852	9	167.3	125.7	89.9	186.7

== medians of 3 runs ==
build	panes	built	cpu%	wk/s	gui_cpu%	gui_wk/s	gui_pss_MB	tree_pss_MB	rss_start_MB	window_ms
b5	1	1	0.58	18.7	0.58	18.7	50.1	83.5	115.9	188   (n=3)
a5	1	1	0.49	18.4	0.49	18.4	49.8	82.5	115.8	178   (n=3)
b6	1	1	0.53	20.2	0.53	20.2	27.8	61.2	77.2	158   (n=3)
a6	1	1	0.51	20.4	0.51	20.4	28.3	61.0	77.5	139   (n=3)
b5	4	4	1.38	46.6	1.38	46.6	51.3	172.1	115.8	174   (n=3)
a5	4	4	1.22	45.7	1.22	45.7	51.3	169.4	115.9	179   (n=3)
b6	4	4	1.60	46.7	1.60	46.7	31.7	152.6	77.0	160   (n=3)
a6	4	4	1.27	48.0	1.27	48.0	31.2	148.5	77.5	142   (n=3)
